time=1369615346 bhead=93 wind=228 lat=52.4158516667 lon=-4.06512 nwlat=0 nwlon=0 nwn=0 spos=0 rpos=0 whead=0 distance=0 speed=0.12
time=1369615491 bhead=93 wind=228 lat=52.4158566667 lon=-4.06509833333 nwlat=0 nwlon=0 nwn=0 spos=0 rpos=0 whead=0 distance=0 speed=0.08
