time=1369953067 bhead=82 wind=263 lat=52.4158383333 lon=-4.0651 nwlat=52.4163 nwlon=-4.0603 nwn=0.0 spos=0 rpos=180.0 whead=0 distance=0 speed=0.96 thead=0 tdist=0
time=1369953068 bhead=82 wind=262 lat=52.4158566667 lon=-4.06511 nwlat=52.4163 nwlon=-4.0603 nwn=0.0 spos=0.0 rpos=182.0 whead=81.0 distance=329.301749307 speed=1.06 thead=0 tdist=0
