time=1370025412 bhead=187 wind=186 lat=42.6108383333 lon=-70.6588216667 nwlat=42.6110209226 nwlon=-70.6587141752 nwn=0.0 spos=0 rpos=180.0 whead=0 distance=0 speed=1.28 thead=0 tdist=0
time=1370025414 bhead=187 wind=185 lat=42.61087 lon=-70.658805 nwlat=42.6110209226 nwlon=-70.6587141752 nwn=0.0 spos=72.0 rpos=270.0 whead=23.0 distance=22.1088741546 speed=1.38 thead=0 tdist=0
time=1370025415 bhead=187 wind=186 lat=42.6109816667 lon=-70.65879 nwlat=42.6110209226 nwlon=-70.6587141752 nwn=0.0 spos=72.0 rpos=270.0 whead=23.0 distance=18.339562338 speed=3.55 thead=0 tdist=0
time=1370025416 bhead=189 wind=185 lat=42.6110433333 lon=-70.6587783333 nwlat=42.610961702 nwlon=-70.6585532427 nwn=1.0 spos=72.0 rpos=270.0 whead=96.0 distance=19.4869096915 speed=4.50 thead=0 tdist=0
