time=1369953238 bhead=82 wind=257 lat=52.41587 lon=-4.06518333333 nwlat=52.4163 nwlon=-4.0603 nwn=0.0 spos=0 rpos=180.0 whead=0 distance=0 speed=0.43 thead=0 tdist=0
time=1369953239 bhead=82 wind=259 lat=52.4158683333 lon=-4.06518333333 nwlat=52.4163 nwlon=-4.0603 nwn=0.0 spos=0.0 rpos=180.0 whead=81.0 distance=334.360260138 speed=0.48 thead=0 tdist=0
time=1369953241 bhead=82 wind=260 lat=52.4158616667 lon=-4.06518 nwlat=52.4163 nwlon=-4.0603 nwn=0.0 spos=0.0 rpos=182.0 whead=81.0 distance=334.386781648 speed=0.54 thead=0 tdist=0
